

[16:45:52.571]发→◇03 04 F9 □
[16:45:52.587]收←◆57 04 60 00 00 00 00 00 00 00 01 00 00 00 00 00 FC 01 0B 00 FF 00 00 00 80 00 00 00 FF 03 
00 00 00 00 00 00 00 00 00 00 C0 01 9A 01 00 00 F7 03 1C 01 00 00 23 03 FF 03 80 FF 8A 00 8B 00 38 00 FE 00 79 00 ED 00 00 00 00 00 30 00 77 00 9E 09 16 00 D0 03 9E 01 1A 


[16:50:38.078]发→◇03 0B F2 □
[16:50:38.092]收←◆65 0B 00 00 00 00 00 00 FF FF 00 00 00 00 00 00 00 00 00 00 00 00 00 00 00 00 00 00 E6 04 00 00 00 00 00 00 00 00 00 00 00 00 00 00 00 00 78 73 00 00 00
00 00 00 00 00 00 00 DC 01 DD 01 00 00 E9 01 DE 01 00 00 00 00 00 00 00 00 00 00 00 00 00 00 00 00 00 00 00 00 00 00 00 00 00 00 00 00 C6 03 00 00 70 
